001
002
004
005
007
008
009
0010
0011
0012
0013
0014
0015
0017
0018
0019
0020
0021
0022
0023
0024
0025
0026
0029
0030
0031
0032
0033
0035
0036
0037
0038
0039
0040
0041
0044
0045
0046
0047
0049
0051
0052
0054
0055
002684
003221
003942
005559
006095
012
014
015
016
017
019
0111
0112
0113
0114
0115
0116
0117
0120
0121
0122
0124
0125
0127
0130
0131
0132
0133
0134
0136
0137
0138
0139
0140
0141
0142
0144
0145
0146
0148
0149
0153
0161
0161
0163
0164
012452
012508
012509
013695
013872
014535
015845
016221
020572
020963
022
023
025
023376
024263
024486
025042
025341
025342
025980
026234
026627
02
02
02
02
02
02
02
02
02
02
02
02
02
02
02
02
02
02
02
02
02
02
02
02
02
02
02
02
02
02
02
02
02
02
02
02
02
030752
033
035
036
0310
0312
0314
0320
0324
0325
0326
0327
0328
0333
0334
031057
032070
032925
040563
041
047
0411
0414
0415
0418
0419
0421
0422
0426
041858
042695
043033
043296
044174
044915
044916
045356
045357
045590
045742
045799
047295
048158
048159
048160
050370
054
056
057
058
059
0511
0512
0513
0514
0515
051597
060380
0624
0627
0628
0629
0630
0631
0633
0634
0635
0638
0639
0643
0644
0645
061787
061870
064031
064043
065189
065620
066007
066546
066566
066987
068109
068110
069383
070578
071
071
072
073
076
077
077
079
0711
0714
0716
0717
0721
0724
0725
0727
0728
0729
073557
075123
075138
075151
075172
075173
075180
076884
080245
080954
081
083
089
081086
082564
088482
093596
093597
094305
099970
100327
104612
104614
104638
104639
105288
105290
105948
107041
107224
107335
107341
107350
107354
108963
108965
114613
115260
115263
115267
115432
117412
122775
124617
125919
129603
129604
1210087
1210088
1210497
136
139
1310
1313
1316
1317
1318
1320
1321
131416
131929
131932
131935
131936
131938
131941
131944
131947
131950
131953
132056
132365
132518
132519
132522
132530
132531
132533
132534
132538
132540
132541
132543
132625
132642
132656
132661
132673
132691
132706
132723
132724
132730
132745
132757
132760
132894
133069
133073
133082
133942
133957
133958
133959
133960
133970
134228
134229
134822
135223
135470
135489
135783
136216
140065
140588
140589
140590
140926
141
147
147
141422
141593
142088
142089
142091
142092
142093
142111
142239
142302
142479
142480
142481
142737
142738
143411
143413
143414
143415
143416
143417
143418
143419
143420
143423
143424
143426
143427
143428
143429
143430
143431
143433
143434
143437
153
155
1517
1518
1523
1525
1526
1528
1529
1533
1535
1543
1544
1546
1556
1560
151470
151471
151472
151473
151474
151476
151477
151478
151479
153026
153027
153029
153030
153044
153045
153176
153176
153177
153579
153583
154981
155448
155703
155704
155705
155706
155721
155722
155727
16017237
16017237
16017237
16017237
16017237
16017237
16017237
16017237
16017237
16017237
16017237
16017237
16017237
16017237
16017237
16017237
160441
160445
160447
160449
160468
160470
160474
160476
161391
161804
162200
940568
941
9511
9620
9627
9628
9629
9632
9634
9640
9641
9646
9647
9648
9653
9655
9656
9657
9659
9662
9665
9666
9669
9670
9672
9673
9675
9676
971
974
9710
9712
9713
9714
9715
9716
9717
9720
9721
9721
9722
9723
9724
9725
9726
9727
9729
9730
9731
9732
9733
9734
9735
9737
9738
9739
9740
9741
9744
9745
9748
9749
9751
9751
9752
9754
9754
9755
9757
9758
9759
9760
9761
9762
9763
9766
9767
9768
9770
9771
9773
9774
980251
983
985
985
986
988
989
9811
9811
9812
9813
9814
9815
9816
9817
9818
9820
9821
9824
9825
9826
9827
9828
9829
9832
9834
9838
9842
9844
9845
9846
9849
9852
9852
9852
9853
9854
9855
9856
9857
9857
9859
9860
9864
9866
9868
9869
9871
9873
9874
9876
9880
981865
982322
991
994
995
996
998
999
9910
9911
9912
9914
9915
9918
9919
9920
9921
9922
9924
9925
9926
9927
9929
9930
9931
9932
9933
9934
9937
9938
9940
9941
9942
9943
9945
9946
9947
9950
9950
9952
9953
9954
9955
9956
9957
9958
991263
993043
996624
996628
996631
